-1.0498734
-4.579714
-1.4625409
-2.1427422
-1.9696774
-0.19074899
-1.524858
-4.7350416
1.0035444
-4.1768656
2.8510756
-4.785642
-4.199175
2.96111
-2.531849
-1.2285633
-4.481336
0.150644
0.750683
3.2011318
1.3288277
-1.3388233
-0.29102415
-4.7696652
0.4829647
-4.0518103
3.2091904
-5.168426
1.9694426
0.2626894
-0.9176169
1.0485058
-2.8146915
-2.2004013
-2.8515947
2.270533
-1.5686873
-1.2022173
0.053390212
0.2996233
0.09296674
-1.2666299
-0.10625487
-1.3806473
0.10298485
-1.6152
-1.9381934
3.7097576
0.21345872
-0.45511335
-1.277162
1.2019563
0.36783618
1.2334735
-5.294714
3.215774
-0.3304469
-2.8106542
-4.816248
1.3563995
1.0217252
1.1882753
-7.1487727
2.0336561
-2.0090098
-0.5221179
-1.7330012
-3.1915264
-3.7813148
1.1481519
-0.53360325
-0.12822467
-2.5225601
1.6629853
-1.0120234
-3.5624614
-7.2310762
2.4737353
-4.8709073
0.885843
-0.2594239
-3.2205448
-1.3638835
1.4246852
-0.9719558
-2.3993251
1.9112108
0.5366029
-0.675497
-2.8084283
1.4051361
1.5566943
3.1837773
-2.6660523
-0.8788242
-0.13457435
1.2512817
1.2086511
3.765778
-2.362268
-5.4306273
1.1572113
-2.041835
3.8911643
-5.1718755
1.506557
-0.4782774
0.5587762
-1.410453
-2.405758
-4.742724
1.1451523
1.0779502
1.7601849
1.2115186
1.5944959
2.5349174
-3.2330284
-0.42867583
1.6985362
-1.2053704
1.2448306
0.9917752
0.2906317
-0.73644924
3.4673467
-3.8012397
1.8568531
-1.5693376
-2.0971098
-0.6311013
3.040401
1.7321327
-6.48027
-3.5444021
0.77345246
-0.3110122
-0.5043055
-3.7261624
-1.3975831
-5.652817
-1.453808
1.3104271
1.4574134
-4.2713056
-1.6147165
1.0054942
-4.9557214
0.52293235
-2.4558637
1.2476735
-2.381486
-2.4823081
-1.8670154
3.5571272
3.9958596
1.0084677
-4.7816234
-1.8770106
-3.4929576
-2.3059413
-4.2505956
-0.1858769
-2.332249
1.123182
-1.0717918
-0.92949134
-3.763901
0.7505186
-3.3564568
-0.18151408
0.96638864
0.67518777
-1.9898888
1.7178228
-0.35593385
2.0431929
1.3788857
-2.9455426
0.089085765
0.45327622
1.8663193
1.7066395
0.87298864
1.80704
-0.62130076
0.38473696
3.5023603
-5.6603665
-0.3885272
2.9995313
4.841301
1.9026167
1.7014735
3.339256
-2.5516226
0.96603554
-5.0702395
1.9581397
3.1253922
0.519164
2.6121585
-1.8548027
-2.1287029
-3.4806294
1.2588446
-2.749312
0.43398446
2.1794477
1.4885209
0.9340382
0.9388682
1.048306
-0.3648314
-2.7414074
-0.03974157
-0.8761474
1.2272161
1.8912563
2.4108682
-1.6877422
1.3746477
-1.1354408
-0.2548756
3.0688508
2.953352
-1.5919428
2.3411784
2.1170156
-2.2389927
-2.3044562
-1.069772
1.390302
-3.82836
3.2966607
1.6953287
2.7620978
-1.2857522
1.630173
-1.7526374
-4.611186
-0.49960762
-1.7087096
1.620161
1.862396
3.4478788
3.0940568
-3.2780252
2.0180087
-5.578758
-1.8658352
2.3270054
2.4104805
0.02691359
-4.965257
3.4317317
-1.0364914
-2.5840912
-6.320521
-1.2749609
1.0529137
-0.99067664
-3.7076845
-0.5775607
-1.6696638
2.6173913
-4.5186744
2.638856
-3.9069505
2.5315392
-2.233096
-1.6035873
-2.9600167
-3.8579683
0.28711766
-4.9579606
-4.9667826
-4.6278806
-1.1075622
-1.6183085
-0.19382674
-3.0150895
0.31484693
-1.741813
1.0411978
-3.0793924
-3.465365
-4.6034513
0.30735052
0.7277333
3.0629315
-4.6649303
1.9226723
-1.1847744
-1.1405314
-6.6324716
-2.3698916
2.219221
2.57375
3.241128
